5005 0 0 0 0 0
5005 0 0 0 1 1
5005 0 0 0 3 3
5005 0 0 0 3 3
5005 0 0 0 3 3
5005 0 0 0 3 3
5005 0 0 0 3 3
5005 0 0 0 3 3
5005 0 0 0 3 3
5005 0 0 0 3 3
5005 0 0 0 3 3
5005 0 0 0 3 3
5005 0 0 0 4 4
5005 0 0 0 4 4
5005 0 0 0 5 5
5005 0 0 0 5 5
5005 0 0 0 5 5
5005 0 0 0 5 5
5005 0 0 0 5 5
5005 0 0 0 5 5
5005 0 0 0 5 5
5005 0 0 0 5 5
5005 0 0 0 5 5
5005 0 0 0 5 5
5005 0 0 0 5 5
5005 0 0 0 5 5
5005 0 0 0 5 5
5005 0 0 0 5 5
5005 0 0 0 5 5
5005 0 0 0 6 6
5005 0 0 0 6 6
5005 0 0 0 6 6
5005 0 0 0 7 7
5005 0 0 0 7 7
5005 0 0 0 7 7
5005 0 0 0 7 7
5005 0 0 0 7 7
5005 0 0 0 7 7
5005 0 0 0 7 7
5005 0 0 0 7 7
5005 0 0 0 7 7
5005 0 0 0 7 7
5005 0 0 0 7 7
5005 0 0 0 7 7
5005 0 0 0 8 8
5005 0 0 0 8 8
5005 0 0 0 8 8
5005 0 0 0 8 8
5005 0 0 0 8 8
5005 0 0 0 8 8
